#Sample number:(1)
134.00  628.00  14.00   1.00
290.00  609.00  10.00   1.00
210.00  623.00  17.00   0.00
377.00  609.00  13.00   1.00
416.00  372.00  11.00   1.00  # bad one
#Sample number:(2)
210.00  620.00  17.00   0.00
377.00  600.00  10.00   1.00
289.00  605.00  11.00   1.00
134.00  626.00  14.00   1.00
#Sample number:(3)
210.00  606.00  17.00   0.00
132.00  614.00  12.00   1.00
288.00  590.00  14.00   1.00
375.00  588.00  10.00   1.00
#Sample number:(4)
211.00  595.00  17.00   0.00
133.00  601.00  10.00   1.00
377.00  579.00  14.00   1.00
291.00  579.00  12.00   1.00
#Sample number:(5)
215.00  584.00  17.00   0.00
136.00  592.00  11.00   1.00
379.00  567.00  10.00   1.00
295.00  570.00  14.00   1.00
#Sample number:(6)
140.00  580.00  10.00   1.00
391.00  638.00  12.00   1.00
216.00  575.00  17.00   0.00
381.00  562.00  13.00   1.00
294.00  566.00  19.00   1.00
#Sample number:(7)
214.00  571.00  10.00   0.00
388.00  635.00  12.00   1.00
138.00  576.00  12.00   1.00
377.00  556.00  10.00   1.00
292.00  563.00  13.00   1.00
#Sample number:(8)
386.00  631.00  12.00   1.00
212.00  568.00  17.00   0.00
136.00  572.00  10.00   1.00
375.00  553.00  17.00   1.00
291.00  554.00  14.00   1.00
#Sample number:(9)
388.00  629.00  12.00   1.00
213.00  564.00  17.00   0.00
137.00  568.00  15.00   1.00
379.00  552.00  10.00   1.00
293.00  551.00  10.00   1.00
#Sample number:(10)
390.00  628.00  10.00   1.00
215.00  562.00  17.00   0.00
140.00  566.00  16.00   1.00
381.00  552.00  13.00   1.00
295.00  549.00  10.00   1.00
#Sample number:(11)
389.00  625.00  12.00   1.00
216.00  559.00  17.00   0.00
141.00  563.00  10.00   1.00
380.00  548.00  10.00   1.00
294.00  553.00  11.00   1.00
33.00   73.00   14.00   1.00
#Sample number:(12)
390.00  619.00  12.00   1.00
216.00  554.00  17.00   0.00
140.00  560.00  15.00   1.00
381.00  541.00  16.00   1.00
295.00  542.00  10.00   1.00
#Sample number:(13)
393.00  615.00  12.00   1.00
219.00  549.00  17.00   0.00
143.00  553.00  15.00   1.00
383.00  538.00  16.00   1.00
144.00  628.00  10.00   1.00
223.00  626.00  10.00   1.00
299.00  538.00  15.00   1.00
305.00  618.00  16.00   1.00
#Sample number:(14)
392.00  612.00  12.00   1.00
220.00  545.00  17.00   0.00
145.00  546.00  13.00   1.00
145.00  624.00  10.00   1.00
305.00  620.00  13.00   1.00
383.00  536.00  10.00   1.00
224.00  620.00  10.00   1.00
298.00  534.00  10.00   1.00
#Sample number:(15)
391.00  612.00  10.00   1.00
219.00  543.00  17.00   0.00
144.00  546.00  10.00   1.00
144.00  622.00  12.00   1.00
223.00  619.00  10.00   1.00
384.00  535.00  10.00   1.00
305.00  618.00  12.00   1.00
298.00  533.00  10.00   1.00
43.00   339.00  11.00   0.00 # bad one
#Sample number:(16)
392.00  607.00  12.00   1.00
220.00  540.00  17.00   0.00
145.00  618.00  12.00   1.00
224.00  616.00  17.00   1.00
305.00  614.00  12.00   1.00
143.00  546.00  10.00   1.00
382.00  530.00  17.00   1.00
299.00  530.00  16.00   1.00
310.00  604.00  18.00   1.00
#Sample number:(17)
388.00  607.00  12.00   1.00
217.00  538.00  17.00   0.00
142.00  540.00  10.00   1.00
143.00  616.00  12.00   1.00
295.00  527.00  10.00   1.00
221.00  613.00  10.00   1.00
380.00  529.00  16.00   1.00
302.00  613.00  12.00   1.00
#Sample number:(18)
389.00  605.00  12.00   1.00
140.00  614.00  10.00   1.00
140.00  539.00  15.00   1.00
217.00  537.00  17.00   0.00
295.00  533.00  13.00   1.00
218.00  613.00  10.00   1.00
301.00  609.00  15.00   1.00
379.00  522.00  17.00   1.00
#Sample number:(19)
392.00  603.00  12.00   1.00
144.00  535.00  10.00   1.00
220.00  534.00  17.00   0.00
143.00  611.00  10.00   1.00
385.00  526.00  14.00   1.00
223.00  610.00  16.00   1.00
299.00  523.00  10.00   1.00
303.00  604.00  14.00   1.00
#Sample number:(20)
391.00  599.00  12.00   1.00
144.00  532.00  16.00   1.00
219.00  530.00  17.00   0.00
384.00  522.00  10.00   1.00
144.00  607.00  12.00   1.00
223.00  605.00  10.00   1.00
300.00  520.00  14.00   1.00
304.00  605.00  12.00   1.00
310.00  594.00  17.00   1.00
#Sample number:(21)
390.00  597.00  12.00   1.00
142.00  530.00  12.00   1.00
218.00  528.00  17.00   0.00
383.00  520.00  16.00   1.00
142.00  605.00  12.00   1.00
221.00  603.00  10.00   1.00
303.00  601.00  14.00   1.00
296.00  521.00  17.00   1.00
#Sample number:(22)
391.00  593.00  12.00   1.00
143.00  525.00  10.00   1.00
219.00  524.00  17.00   0.00
142.00  601.00  10.00   1.00
384.00  516.00  10.00   1.00
222.00  599.00  10.00   1.00
300.00  515.00  14.00   1.00
46.00   41.00   15.00   1.00 # bad one
#Sample number:(23)
142.00  522.00  15.00   1.00
392.00  590.00  13.00   1.00
219.00  520.00  17.00   0.00
142.00  597.00  12.00   1.00
221.00  594.00  11.00   1.00
303.00  596.00  12.00   1.00
297.00  513.00  17.00   1.00
383.00  509.00  13.00   1.00
#Sample number:(24)
396.00  586.00  10.00   1.00
221.00  516.00  17.00   0.00
145.00  518.00  10.00   1.00
144.00  593.00  12.00   1.00
389.00  509.00  10.00   1.00
222.00  594.00  10.00   1.00
300.00  510.00  17.00   1.00
304.00  591.00  12.00   1.00
#Sample number:(25)
399.00  582.00  17.00   1.00
224.00  511.00  18.00   0.00
149.00  513.00  15.00   1.00
392.00  504.00  15.00   1.00
304.00  502.00  16.00   1.00
308.00  586.00  11.00   1.00
228.00  587.00  17.00   1.00
147.00  586.00  11.00   1.00
314.00  578.00  19.00   1.00
#Sample number:(26)
399.00  579.00  10.00   1.00
226.00  508.00  10.00   0.00
148.00  510.00  12.00   1.00
392.00  501.00  10.00   1.00
147.00  586.00  10.00   1.00
226.00  585.00  10.00   1.00
306.00  504.00  16.00   1.00
310.00  585.00  16.00   1.00
#Sample number:(27)
399.00  574.00  10.00   1.00
226.00  503.00  17.00   0.00
149.00  505.00  15.00   1.00
148.00  580.00  10.00   1.00
391.00  494.00  10.00   1.00
227.00  578.00  13.00   1.00
308.00  497.00  15.00   1.00
311.00  576.00  13.00   1.00
#Sample number:(28)
399.00  571.00  12.00   1.00
225.00  500.00  18.00   0.00
149.00  502.00  11.00   1.00
391.00  493.00  12.00   1.00
148.00  576.00  12.00   1.00
227.00  577.00  13.00   1.00
307.00  495.00  12.00   1.00
311.00  576.00  10.00   1.00
#Sample number:(29)
398.00  565.00  10.00   1.00
147.00  497.00  16.00   1.00
223.00  494.00  18.00   0.00
389.00  485.00  13.00   1.00
225.00  569.00  14.00   1.00
146.00  572.00  10.00   1.00
305.00  489.00  16.00   1.00
310.00  565.00  16.00   1.00
#Sample number:(30)
400.00  559.00  12.00   1.00
149.00  490.00  16.00   1.00
225.00  488.00  18.00   0.00
147.00  564.00  13.00   1.00
394.00  481.00  11.00   1.00
227.00  562.00  14.00   1.00
67.00   379.00  11.00   0.00 # bad one
#Sample number:(31)
398.00  556.00  10.00   1.00
148.00  485.00  10.00   1.00
225.00  484.00  17.00   0.00
147.00  561.00  10.00   1.00
392.00  478.00  15.00   1.00
227.00  559.00  12.00   1.00
308.00  481.00  10.00   1.00
311.00  555.00  15.00   1.00
#Sample number:(32)
398.00  553.00  10.00   1.00
147.00  481.00  15.00   1.00
223.00  480.00  18.00   0.00
145.00  556.00  10.00   1.00
225.00  556.00  10.00   1.00
392.00  474.00  16.00   1.00
371.00  474.00  14.00   1.00 # bad one
306.00  477.00  12.00   1.00
302.00  543.00  10.00   1.00 # bad one
#Sample number:(33)
397.00  550.00  12.00   1.00
147.00  478.00  16.00   1.00
391.00  471.00  12.00   1.00
223.00  477.00  18.00   0.00
145.00  553.00  10.00   1.00
228.00  554.00  14.00   1.00
#Sample number:(34)
396.00  546.00  12.00   1.00
146.00  476.00  12.00   1.00
392.00  468.00  11.00   1.00
145.00  550.00  11.00   1.00
223.00  473.00  17.00   0.00
225.00  550.00  11.00   1.00
406.00  638.00  18.00   0.00
311.00  542.00  18.00   1.00 #bad one (bigger circle)
#Sample number:(35)
396.00  540.00  10.00   1.00
147.00  468.00  14.00   1.00
223.00  468.00  18.00   0.00
389.00  460.00  13.00   1.00
242.00  625.00  10.00   1.00
144.00  543.00  10.00   1.00
226.00  544.00  11.00   1.00
308.00  466.00  13.00   1.00
#Sample number:(36)
393.00  535.00  12.00   1.00
143.00  538.00  12.00   1.00
146.00  463.00  10.00   1.00
221.00  463.00  17.00   0.00
223.00  537.00  12.00   1.00
388.00  458.00  10.00   1.00
303.00  457.00  14.00   1.00
#Sample number:(37)
142.00  459.00  15.00   1.00
140.00  533.00  10.00   1.00
219.00  458.00  17.00   0.00
401.00  621.00  18.00   1.00 # bad one (missed flag should be 0)
221.00  532.00  12.00   1.00
384.00  449.00  10.00   1.00
313.00  619.00  12.00   1.00
302.00  533.00  14.00   1.00
394.00  526.00  15.00   1.00
145.00  621.00  12.00   1.00
#Sample number:(38)
392.00  522.00  10.00   1.00
140.00  526.00  13.00   1.00
238.00  608.00  10.00   1.00
143.00  453.00  16.00   1.00
402.00  613.00  11.00   1.00 # bad one (missed flag)
385.00  443.00  13.00   1.00
220.00  525.00  14.00   1.00
313.00  612.00  12.00   1.00
308.00  520.00  18.00   1.00 # bad one (too big)
299.00  447.00  11.00   1.00
#Sample number:(39)
391.00  514.00  13.00   1.00
140.00  519.00  10.00   1.00
400.00  605.00  11.00   1.00 # bad one (missed flag)
143.00  444.00  14.00   1.00
219.00  518.00  14.00   1.00
386.00  437.00  15.00   1.00
218.00  443.00  18.00   0.00
312.00  604.00  12.00   1.00
304.00  517.00  17.00   1.00
148.00  607.00  10.00   1.00
298.00  438.00  16.00   1.00
#Sample number:(40)
389.00  507.00  12.00   1.00
139.00  510.00  10.00   1.00
142.00  436.00  14.00   1.00
218.00  436.00  17.00   0.00
384.00  430.00  11.00   1.00
398.00  598.00  11.00   1.00 #bad one (missed flag)
218.00  512.00  12.00   1.00
297.00  428.00  16.00   1.00
302.00  509.00  17.00   1.00
144.00  599.00  13.00   1.00
#Sample number:(41)
385.00  502.00  12.00   1.00
136.00  504.00  13.00   1.00
395.00  592.00  11.00   1.00 #bad one (missed flag)
138.00  430.00  10.00   1.00
381.00  425.00  15.00   1.00
215.00  430.00  17.00   0.00
232.00  584.00  11.00   1.00
215.00  504.00  13.00   1.00
299.00  504.00  17.00   1.00
294.00  425.00  17.00   1.00
306.00  589.00  11.00   1.00
141.00  592.00  13.00   1.00
#Sample number:(42)
382.00  497.00  12.00   1.00
134.00  500.00  13.00   1.00
135.00  427.00  11.00   1.00
377.00  420.00  11.00   1.00
212.00  426.00  17.00   0.00
212.00  500.00  13.00   1.00
229.00  580.00  11.00   1.00
295.00  500.00  13.00   1.00
292.00  419.00  19.00   1.00
139.00  587.00  10.00   1.00
302.00  583.00  16.00   1.00
#Sample number:(43)
379.00  493.00  16.00   1.00
373.00  416.00  16.00   1.00
133.00  424.00  17.00   1.00
130.00  495.00  16.00   1.00
208.00  422.00  17.00   0.00
387.00  584.00  11.00   1.00 #bad one (missed flag)
225.00  576.00  10.00   1.00
208.00  496.00  13.00   1.00
292.00  496.00  17.00   1.00
301.00  579.00  12.00   1.00
286.00  414.00  10.00   1.00
135.00  583.00  12.00   1.00
#Sample number:(44)
378.00  489.00  12.00   1.00
132.00  418.00  14.00   1.00
129.00  492.00  12.00   1.00
387.00  579.00  11.00   1.00 #bad one (missed flag)
208.00  418.00  17.00   0.00
373.00  412.00  15.00   1.00
224.00  572.00  10.00   1.00
292.00  491.00  17.00   1.00
207.00  492.00  13.00   1.00
300.00  575.00  12.00   1.00
285.00  410.00  10.00   1.00
#Sample number:(45)
376.00  481.00  12.00   1.00
128.00  485.00  12.00   1.00
371.00  404.00  13.00   1.00
130.00  412.00  10.00   1.00
207.00  411.00  17.00   0.00
385.00  571.00  11.00   1.00 #bad one (missed flag)
289.00  486.00  14.00   1.00
207.00  485.00  10.00   1.00
224.00  564.00  10.00   1.00
388.00  224.00  13.00   1.00 #bad one
288.00  401.00  19.00   1.00
#Sample number:(46)
376.00  473.00  12.00   1.00
370.00  397.00  12.00   1.00
385.00  563.00  11.00   1.00 #bad one (missed flag)
127.00  477.00  12.00   1.00
130.00  407.00  10.00   1.00
223.00  556.00  13.00   1.00
204.00  402.00  19.00   0.00
291.00  476.00  16.00   1.00
206.00  478.00  12.00   1.00
285.00  395.00  17.00   1.00
133.00  565.00  12.00   1.00
299.00  464.00  15.00   1.00 #bad one (partial)
#Sample number:(47)
374.00  470.00  12.00   1.00
204.00  398.00  18.00   0.00
370.00  394.00  15.00   1.00
383.00  560.00  11.00   1.00 #bad one (missed flag)
126.00  471.00  10.00   1.00
221.00  552.00  17.00   1.00
130.00  401.00  16.00   1.00
290.00  472.00  15.00   1.00
206.00  472.00  12.00   1.00
282.00  392.00  14.00   1.00
#Sample number:(48)
373.00  467.00  12.00   1.00
204.00  396.00  17.00   0.00
369.00  390.00  11.00   1.00
382.00  557.00  11.00   0.00
125.00  469.00  10.00   1.00
129.00  396.00  14.00   1.00
220.00  549.00  17.00   1.00
287.00  469.00  13.00   1.00
282.00  389.00  15.00   1.00
203.00  471.00  11.00   1.00
299.00  466.00  10.00   1.00 #bad one (partial)
130.00  557.00  10.00   1.00
291.00  548.00  13.00   1.00
#Sample number:(49)
373.00  461.00  12.00   1.00
125.00  464.00  13.00   1.00
368.00  385.00  12.00   1.00
382.00  551.00  11.00   1.00 #bad one (missed flag)
128.00  392.00  15.00   1.00
220.00  544.00  10.00   1.00
287.00  465.00  10.00   1.00
203.00  464.00  11.00   1.00
294.00  547.00  15.00   1.00
284.00  385.00  12.00   1.00
125.00  554.00  17.00   1.00
83.00   313.00  15.00   0.00 #bad one (missed flag and out of bounds)
#Sample number:(50)
371.00  454.00  12.00   1.00
218.00  537.00  10.00   1.00
123.00  457.00  13.00   1.00
365.00  379.00  13.00   1.00
379.00  545.00  10.00   0.00
127.00  387.00  16.00   1.00
202.00  384.00  17.00   0.00
285.00  458.00  16.00   1.00
201.00  457.00  11.00   1.00
383.00  623.00  10.00   1.00
281.00  380.00  14.00   1.00
291.00  541.00  11.00   1.00
295.00  446.00  14.00   1.00 #bad one (partial)
22.00   465.00  19.00   0.00 #bad one (missed flag and out of bounds)
#Sample number:(51)
371.00  448.00  12.00   1.00
380.00  538.00  11.00   0.00
218.00  531.00  10.00   1.00
124.00  450.00  12.00   1.00
127.00  380.00  16.00   1.00
366.00  372.00  16.00   1.00
202.00  378.00  17.00   0.00
382.00  619.00  12.00   1.00
206.00  621.00  17.00   1.00
201.00  452.00  10.00   1.00
286.00  450.00  12.00   1.00
280.00  371.00  15.00   1.00
127.00  539.00  11.00   1.00
#Sample number:(52)
371.00  442.00  17.00   1.00
123.00  445.00  13.00   1.00
379.00  532.00  10.00   0.00
365.00  367.00  12.00   1.00
127.00  373.00  13.00   1.00
202.00  373.00  17.00   0.00
382.00  613.00  12.00   1.00
207.00  616.00  12.00   1.00
291.00  529.00  10.00   1.00
202.00  447.00  12.00   1.00
281.00  365.00  16.00   1.00
284.00  444.00  14.00   1.00
130.00  619.00  11.00   1.00
218.00  530.00  14.00   1.00
#Sample number:(53)
370.00  437.00  12.00   1.00
218.00  520.00  10.00   1.00
379.00  526.00  10.00   0.00
382.00  608.00  16.00   1.00
126.00  371.00  16.00   1.00
123.00  440.00  12.00   1.00
200.00  440.00  11.00   1.00
208.00  610.00  13.00   1.00
201.00  368.00  17.00   0.00
285.00  440.00  13.00   1.00
291.00  523.00  11.00   1.00
303.00  627.00  10.00   1.00
#Sample number:(54)
372.00  429.00  12.00   1.00
219.00  513.00  10.00   1.00
381.00  519.00  11.00   0.00
367.00  354.00  16.00   1.00
127.00  363.00  15.00   1.00
123.00  433.00  13.00   1.00
384.00  601.00  10.00   1.00
304.00  619.00  12.00   1.00
204.00  361.00  16.00   0.00
208.00  602.00  13.00   1.00
286.00  433.00  13.00   1.00
202.00  434.00  11.00   1.00
278.00  354.00  11.00   1.00
131.00  605.00  11.00   1.00
#Sample number:(55)
370.00  423.00  12.00   1.00
380.00  512.00  11.00   0.00
365.00  347.00  13.00   1.00
127.00  359.00  13.00   1.00
382.00  593.00  16.00   1.00
303.00  612.00  10.00   1.00
201.00  353.00  11.00   0.00
203.00  428.00  12.00   1.00
286.00  427.00  17.00   1.00
278.00  348.00  15.00   1.00
208.00  594.00  11.00   1.00
124.00  427.00  14.00   1.00
293.00  510.00  12.00   1.00
132.00  603.00  13.00   1.00
#Sample number:(56)
369.00  419.00  12.00   1.00
302.00  608.00  12.00   1.00
127.00  352.00  16.00   1.00
202.00  350.00  16.00   0.00
378.00  508.00  18.00   0.00
365.00  345.00  12.00   1.00
123.00  421.00  13.00   1.00
382.00  590.00  10.00   1.00
284.00  423.00  17.00   1.00
206.00  590.00  10.00   1.00
200.00  423.00  13.00   1.00
277.00  343.00  16.00   1.00
290.00  505.00  17.00   1.00
130.00  593.00  13.00   1.00
#Sample number:(57)
368.00  418.00  12.00   1.00
125.00  350.00  15.00   1.00
364.00  344.00  12.00   1.00
380.00  588.00  12.00   1.00
200.00  349.00  17.00   0.00
377.00  507.00  18.00   1.00 #bad one (missed flag)
200.00  422.00  10.00   1.00
122.00  419.00  10.00   1.00
206.00  589.00  13.00   1.00
284.00  421.00  18.00   1.00
279.00  341.00  16.00   1.00
303.00  609.00  14.00   1.00
#Sample number:(58)
369.00  413.00  12.00   1.00
219.00  496.00  14.00   1.00
125.00  347.00  15.00   1.00
284.00  416.00  12.00   1.00
364.00  337.00  13.00   1.00
123.00  417.00  16.00   1.00
381.00  580.00  10.00   1.00
379.00  501.00  11.00   1.00 #bad one (missed flag)
301.00  602.00  10.00   1.00
280.00  336.00  13.00   1.00
205.00  587.00  11.00   1.00
290.00  499.00  11.00   1.00
203.00  345.00  15.00   0.00
292.00  410.00  17.00   1.00 #bad one (partial)
123.00  508.00  15.00   1.00
#Sample number:(59)
372.00  406.00  12.00   1.00
128.00  340.00  15.00   1.00
367.00  332.00  13.00   1.00
384.00  573.00  10.00   1.00
125.00  409.00  12.00   1.00
381.00  495.00  18.00   0.00
305.00  595.00  12.00   1.00
203.00  410.00  11.00   1.00
286.00  410.00  12.00   1.00
203.00  338.00  17.00   0.00
293.00  492.00  11.00   1.00
132.00  581.00  13.00   1.00
209.00  578.00  10.00   1.00
279.00  330.00  16.00   1.00
124.00  500.00  17.00   1.00
#Sample number:(60)
371.00  402.00  12.00   1.00
129.00  335.00  15.00   1.00
126.00  404.00  10.00   1.00
380.00  491.00  18.00   0.00
203.00  406.00  13.00   1.00
305.00  591.00  10.00   1.00
210.00  574.00  12.00   1.00
204.00  334.00  17.00   0.00
383.00  572.00  16.00   1.00
287.00  410.00  14.00   1.00
282.00  330.00  11.00   1.00
133.00  580.00  10.00   1.00
127.00  495.00  16.00   1.00
293.00  488.00  11.00   1.00
295.00  400.00  17.00   1.00 #bad one (partial)
#Sample number:(61)
370.00  396.00  12.00   1.00
127.00  332.00  15.00   1.00
303.00  586.00  12.00   1.00
382.00  564.00  17.00   1.00
125.00  400.00  12.00   1.00
379.00  485.00  18.00   0.00
203.00  402.00  12.00   1.00
208.00  569.00  12.00   1.00
203.00  329.00  16.00   0.00
284.00  401.00  12.00   1.00
293.00  483.00  13.00   1.00
280.00  321.00  15.00   1.00
130.00  575.00  16.00   1.00
366.00  319.00  12.00   1.00
125.00  491.00  16.00   1.00
#Sample number:(62)
368.00  392.00  12.00   1.00
363.00  318.00  12.00   1.00
126.00  326.00  15.00   1.00
122.00  394.00  10.00   1.00
380.00  562.00  10.00   1.00
377.00  480.00  18.00   1.00 #bad one (missed flag)
206.00  563.00  10.00   1.00
302.00  581.00  10.00   1.00
201.00  324.00  16.00   0.00
283.00  395.00  12.00   1.00
289.00  477.00  14.00   1.00
277.00  317.00  10.00   1.00
129.00  570.00  10.00   1.00
128.00  486.00  17.00   1.00
293.00  388.00  14.00   1.00 # bad one (partial)
#Sample number:(63)
367.00  387.00  12.00   1.00
217.00  471.00  10.00   1.00
301.00  576.00  12.00   1.00
122.00  391.00  12.00   1.00
124.00  322.00  15.00   1.00
199.00  394.00  17.00   1.00
380.00  555.00  17.00   1.00
381.00  636.00  17.00   1.00
376.00  476.00  10.00   0.00
277.00  312.00  15.00   1.00
205.00  559.00  17.00   1.00
200.00  320.00  17.00   0.00
284.00  393.00  17.00   1.00
290.00  474.00  12.00   1.00
54.00   280.00  15.00   0.00 #bad one (missed flag and out of bounds)
126.00  481.00  13.00   1.00
#Sample number:(64)
368.00  382.00  12.00   1.00
218.00  465.00  10.00   1.00
363.00  308.00  12.00   1.00
302.00  571.00  10.00   1.00
125.00  317.00  15.00   1.00
122.00  385.00  10.00   1.00
377.00  470.00  10.00   0.00
382.00  631.00  10.00   1.00 #bad one (missed flag)
200.00  315.00  17.00   0.00
200.00  386.00  11.00   1.00
206.00  553.00  17.00   1.00
290.00  468.00  11.00   1.00
380.00  550.00  12.00   1.00
276.00  308.00  15.00   1.00
284.00  389.00  16.00   1.00
291.00  381.00  13.00   1.00 #bad one (partial)
129.00  561.00  10.00   1.00
#Sample number:(65)
367.00  379.00  17.00   1.00
217.00  462.00  10.00   1.00
124.00  314.00  15.00   1.00
301.00  568.00  10.00   1.00
376.00  467.00  18.00   0.00
379.00  546.00  17.00   1.00
381.00  628.00  10.00   1.00 #bad one (missed flag)
122.00  382.00  12.00   1.00
205.00  551.00  10.00   1.00
199.00  313.00  17.00   0.00
276.00  305.00  14.00   1.00
197.00  384.00  11.00   1.00
282.00  383.00  12.00   1.00
288.00  463.00  13.00   1.00
128.00  559.00  14.00   1.00
#Sample number:(66)
216.00  458.00  12.00   1.00
368.00  373.00  12.00   1.00
382.00  622.00  10.00   1.00 # bad one (missed flag)
302.00  563.00  11.00   1.00
363.00  299.00  12.00   1.00
122.00  309.00  16.00   1.00
122.00  378.00  16.00   1.00
380.00  541.00  12.00   1.00
199.00  378.00  14.00   1.00
199.00  307.00  17.00   0.00
277.00  299.00  15.00   1.00
206.00  546.00  13.00   1.00
290.00  459.00  12.00   1.00
207.00  625.00  10.00   1.00
280.00  377.00  10.00   1.00
378.00  463.00  17.00   0.00
291.00  372.00  16.00   1.00 # bad one (partial)
128.00  551.00  17.00   1.00
#Sample number:(67)
369.00  367.00  12.00   1.00
219.00  451.00  10.00   1.00
384.00  616.00  10.00   1.00 # bad one (missed lag)
365.00  293.00  12.00   1.00
124.00  371.00  10.00   1.00
125.00  306.00  10.00   1.00
304.00  557.00  16.00   1.00
378.00  455.00  10.00   0.00
201.00  301.00  17.00   0.00
208.00  539.00  10.00   1.00
382.00  533.00  10.00   1.00
279.00  294.00  11.00   1.00
201.00  373.00  11.00   1.00
285.00  374.00  11.00   1.00
133.00  626.00  17.00   1.00
292.00  452.00  13.00   1.00
210.00  619.00  10.00   1.00
131.00  548.00  14.00   1.00
#Sample number:(68)
384.00  611.00  10.00   1.00
219.00  447.00  10.00   1.00
368.00  362.00  12.00   1.00
363.00  288.00  17.00   1.00
123.00  366.00  10.00   1.00
125.00  301.00  10.00   1.00
377.00  450.00  10.00   0.00
304.00  552.00  11.00   1.00
381.00  530.00  12.00   1.00
201.00  297.00  17.00   0.00
133.00  621.00  17.00   1.00
206.00  534.00  11.00   1.00
211.00  614.00  17.00   1.00
278.00  287.00  16.00   1.00
292.00  449.00  12.00   1.00
201.00  368.00  10.00   1.00
284.00  366.00  11.00   1.00
311.00  617.00  17.00   1.00
130.00  543.00  14.00   1.00
#Sample number:(69)
368.00  358.00  12.00   1.00
219.00  442.00  10.00   1.00
384.00  607.00  10.00   1.00 #bad one (missed flag)
364.00  284.00  16.00   1.00
123.00  362.00  10.00   1.00
303.00  548.00  12.00   1.00
377.00  446.00  10.00   0.00
208.00  531.00  12.00   1.00
200.00  292.00  17.00   0.00
127.00  295.00  10.00   1.00
381.00  524.00  10.00   1.00
133.00  617.00  17.00   1.00
279.00  283.00  12.00   1.00
201.00  365.00  16.00   1.00
284.00  367.00  12.00   1.00
292.00  358.00  12.00   1.00 # bad one (Partial)
208.00  609.00  14.00   1.00
198.00  177.00  10.00   0.00 # bad one (Missed flag and out of bounds)
#Sample number:(70)
383.00  603.00  10.00   1.00 # bad one (missed flag)
363.00  280.00  12.00   1.00
377.00  442.00  10.00   0.00
303.00  544.00  17.00   1.00
123.00  290.00  17.00   1.00
277.00  280.00  15.00   1.00
210.00  606.00  17.00   1.00
380.00  520.00  13.00   1.00
130.00  612.00  14.00   1.00
290.00  440.00  11.00   1.00
199.00  361.00  10.00   1.00
200.00  289.00  17.00   0.00
283.00  359.00  18.00   1.00
311.00  609.00  17.00   1.00
131.00  531.00  14.00   1.00
